Emitter	Vol_Emitter	Light_Emitter	Receiver	Experiment	Iteration	Plant	Indole	Monoterpenes	Sesquiterpenes	DMNT	TMTT
A	constitutive	High_RFR	Low_RFR	1	1	1	11,89415584	10,18480519	3,701207792	3,400675325	0,517501299
A	constitutive	High_RFR	Low_RFR	2	1	2	15,21368132	11,24752747	2,86943956	5,141571429	0,522167582
A	constitutive	High_RFR	Low_RFR	3	1	3	24,14151163	19,14767442	4,442965116	2,971418605	0,870482558
A	constitutive	High_RFR	Low_RFR	1	1	4	14,46305842	7,602749141	1,484914089	0,612058419	0,193209622
A	constitutive	High_RFR	Low_RFR	2	1	5	27,16867347	11,4980102	2,17227551	2,246464286	0,023970153
A	constitutive	High_RFR	Low_RFR	3	1	6	19,58633858	7,208110236	2,051771654	1,838413386	0,316231102
A	constitutive	High_RFR	Low_RFR	1	1	7	11,69088608	5,068253165	1,430025316	0,703234177	0,303560759
A	constitutive	High_RFR	Low_RFR	2	1	8	14,7870098	3,821102941	1,599235294	0,731044118	0,296586275
A	constitutive	High_RFR	Low_RFR	3	1	9	15,52961111	3,077088889	1,207405556	0,512701111	0,096463333
B	hipvs	High_RFR	Low_RFR	1	1	10	20,39016575	11,71314917	2,68598895	3,840104972	0,522874586
B	hipvs	High_RFR	Low_RFR	2	1	11	30,08413333	11,0768	3,340553333	3,259033333	0,578256667
B	hipvs	High_RFR	Low_RFR	3	1	12	13,65346154	10,07610577	2,673850962	2,769403846	0,438286058
B	hipvs	High_RFR	Low_RFR	1	1	13	54,98745387	11,63287823	4,138634686	4,250258303	0,311990037
B	hipvs	High_RFR	Low_RFR	2	1	14	53,14268293	13,24504065	4,276707317	2,915772358	0,718747967
B	hipvs	High_RFR	Low_RFR	3	1	15	24,46728682	8,743217054	2,629197674	1,731178295	0,421817829
B	hipvs	High_RFR	Low_RFR	1	1	16	11,59608197	13,79111475	2,436245902	1,21722623	0,808236066
B	hipvs	High_RFR	Low_RFR	2	1	17	22,56050314	5,104622642	1,685786164	0,892056604	0,415145912
B	hipvs	High_RFR	Low_RFR	3	1	18	14,37087432	4,634546448	1,658535519	0,472942077	0,398102732
E	constitutive	Low_RFR	Low_RFR	1	1	19	25,14304054	13,84608108	2,952783784	3,383135135	0,366302027
E	constitutive	Low_RFR	Low_RFR	2	1	20	15,39266055	13,95380734	3,147908257	5,114724771	0,284902752
E	constitutive	Low_RFR	Low_RFR	3	1	21	37,35552174	12,13469565	2,861130435	5,792217391	0,339631304
E	constitutive	Low_RFR	Low_RFR	1	1	22	23,62772727	11,53948052	4,718454545	4,519649351	0,734857143
E	constitutive	Low_RFR	Low_RFR	2	1	23	41,94953782	11,60579832	2,42812605	2,226785714	0,304393697
E	constitutive	Low_RFR	Low_RFR	3	1	24	25,145	9,581521739	2,714777174	1,345152174	0,41601087
E	constitutive	Low_RFR	Low_RFR	1	1	25	7,418353659	2,120890244	1,591371951	0,383335366	0,267002439
E	constitutive	Low_RFR	Low_RFR	2	1	26	14,90814607	3,285050562	1,154	0,503124157	0,26330618
E	constitutive	Low_RFR	Low_RFR	3	1	27	17,03432584	5,349955056	1,585910112	0,879089888	0,146999438
F	hipvs	Low_RFR	Low_RFR	1	1	28	19,49646259	12,41829932	4,154142857	4,494360544	0,545846259
F	hipvs	Low_RFR	Low_RFR	2	1	29	45,02777778	19,27515152	5,276414141	12,43469697	0,462774242
F	hipvs	Low_RFR	Low_RFR	3	1	30	27,34393782	11,21321244	3,871870466	2,876626943	0,410640933
F	hipvs	Low_RFR	Low_RFR	1	1	31	38,46269841	11,00984127	3,19281746	2,000361111	0,578583333
F	hipvs	Low_RFR	Low_RFR	2	1	32	41,14768559	18,33877729	3,595615721	2,547751092	1,080187773
F	hipvs	Low_RFR	Low_RFR	3	1	33	21,8785567	13,82164948	3,944701031	4,541572165	0,561845361
F	hipvs	Low_RFR	Low_RFR	1	1	34	27,64156716	6,801119403	2,356	1,912126866	0,381854478
F	hipvs	Low_RFR	Low_RFR	2	1	35	20,4504	5,283112	2,110048	0,821264	0,3225056
F	hipvs	Low_RFR	Low_RFR	3	1	36	29,05026144	3,433026144	1,780522876	0,573978431	0,169466667
A	constitutive	High_RFR	Low_RFR	1	2	1	29,29402597	25,79045455	4,844448052	38,75175325	0,634796104
A	constitutive	High_RFR	Low_RFR	2	2	2	47,09972527	32,23802198	5,006478022	50,33653846	0,710192308
A	constitutive	High_RFR	Low_RFR	3	2	3	56,66697674	29,09581395	4,86972093	19,13930233	0,561333721
A	constitutive	High_RFR	Low_RFR	1	2	4	19,82137457	11,79436426	1,940391753	13,93226804	0,235619588
A	constitutive	High_RFR	Low_RFR	2	2	5	35,29357143	21,22688776	2,535102041	20,74897959	0,574586735
A	constitutive	High_RFR	Low_RFR	3	2	6	21,82177165	13,00444882	1,904732283	12,69555118	0,460826772
A	constitutive	High_RFR	Low_RFR	1	2	7	29,63575949	6,230303797	1,553050633	8,538481013	0,250803165
A	constitutive	High_RFR	Low_RFR	2	2	8	31,5577451	6,983088235	1,514955882	7,273039216	0,260118137
A	constitutive	High_RFR	Low_RFR	3	2	9	37,16477778	6,377833333	1,323705556	6,951111111	0,305164444
B	hipvs	High_RFR	Low_RFR	1	2	10	41,48751381	26,77867403	3,836723757	29,54066298	0,499698895
B	hipvs	High_RFR	Low_RFR	2	2	11	45,0586	19,42033333	4,365886667	18,93673333	0,91444
B	hipvs	High_RFR	Low_RFR	3	2	12	26,94706731	19,14581731	3,9721875	23,01485577	0,419161538
B	hipvs	High_RFR	Low_RFR	1	2	13	66,23062731	23,56583026	5,155830258	28,39656827	0,639833948
B	hipvs	High_RFR	Low_RFR	2	2	14	84,59674797	30,28402439	5,491219512	29,46971545	0,932743902
B	hipvs	High_RFR	Low_RFR	3	2	15	30,75751938	16,87054264	3,029372093	17,8729845	0,498786822
B	hipvs	High_RFR	Low_RFR	1	2	16	38,36721311	15,13503279	2,834655738	12,09201639	0,824972131
B	hipvs	High_RFR	Low_RFR	2	2	17	38,79427673	7,171572327	1,789654088	8,964842767	0,205198113
B	hipvs	High_RFR	Low_RFR	3	2	18	26,59327869	5,910437158	2,082038251	7,329016393	0,261310383
E	constitutive	Low_RFR	Low_RFR	1	2	19	52,59824324	26,50054054	3,501155405	30,82993243	0,40019527
E	constitutive	Low_RFR	Low_RFR	2	2	20	21,49899083	26,1137156	4,447816514	34,97247706	0,49083945
E	constitutive	Low_RFR	Low_RFR	3	2	21	53,54826087	21,51417391	3,454043478	26,50826087	0,604995652
E	constitutive	Low_RFR	Low_RFR	1	2	22	53,69214286	29,78090909	5,900331169	38,45422078	0,989363636
E	constitutive	Low_RFR	Low_RFR	2	2	23	68,6697479	20,38239496	2,86597479	21,15134454	0,673348739
E	constitutive	Low_RFR	Low_RFR	3	2	24	49,69684783	24,53434783	3,466222826	25,49820652	0,565581522
E	constitutive	Low_RFR	Low_RFR	1	2	25	24,70097561	6,600304878	2,20420122	6,620731707	0,367078659
E	constitutive	Low_RFR	Low_RFR	2	2	26	37,15988764	5,015168539	1,599792135	6,011853933	0,219386517
E	constitutive	Low_RFR	Low_RFR	3	2	27	35,0908427	6,323483146	1,88452809	8,505898876	0,297456742
F	hipvs	Low_RFR	Low_RFR	1	2	28	41,90829932	25,26176871	5,575176871	42,21693878	0,378278912
F	hipvs	Low_RFR	Low_RFR	2	2	29	71,71969697	53,6540404	7,557828283	64,64141414	0,881808081
F	hipvs	Low_RFR	Low_RFR	3	2	30	35,49683938	19,25968912	4,913373057	22,25419689	0,425958031
F	hipvs	Low_RFR	Low_RFR	1	2	31	58,79206349	21,05019841	3,820075397	16,72202381	0,587630952
F	hipvs	Low_RFR	Low_RFR	2	2	32	53,45895197	34,22777293	3,981537118	18,78497817	1,045899563
F	hipvs	Low_RFR	Low_RFR	3	2	33	36,12752577	29,7385567	6,13257732	42,0092268	0,76935567
F	hipvs	Low_RFR	Low_RFR	1	2	34	63,42910448	12,0580597	2,521261194	16,99664179	0,604634328
F	hipvs	Low_RFR	Low_RFR	2	2	35	43,8836	9,34448	2,298152	11,53648	0,355052
F	hipvs	Low_RFR	Low_RFR	3	2	36	57,7575817	6,634705882	1,819372549	7,046993464	0,326701961
A	constitutive	High_RFR	Low_RFR	1	3	1	56,28525974	67,22922078	9,990584416	78,77922078	1,143071429
A	constitutive	High_RFR	Low_RFR	2	3	2	86,06703297	80,75164835	10,77054945	81,78241758	1,02456044
A	constitutive	High_RFR	Low_RFR	3	3	3	79,56	45,45906977	8,349395349	36,25476744	1,018509302
A	constitutive	High_RFR	Low_RFR	1	3	4	30,49364261	27,33797251	3,680515464	30,00415808	0,428360825
A	constitutive	High_RFR	Low_RFR	2	3	5	46,27852041	39,33545918	4,984178571	40,19015306	0,94825
A	constitutive	High_RFR	Low_RFR	3	3	6	30,13251969	27,98275591	4,510669291	27,28425197	0,69123622
A	constitutive	High_RFR	Low_RFR	1	3	7	46,49993671	19,07360759	3,108575949	20,84803797	0,210296203
A	constitutive	High_RFR	Low_RFR	2	3	8	47,24142157	16,04431373	2,187063725	20,5072549	0,246413235
A	constitutive	High_RFR	Low_RFR	3	3	9	59,48722222	13,96711111	2,242044444	19,96805556	0,553813889
B	hipvs	High_RFR	Low_RFR	1	3	10	72,65966851	58,53812155	7,437790055	53,54497238	1,10540884
B	hipvs	High_RFR	Low_RFR	2	3	11	63,6422	41,4742	6,933266667	35,99126667	1,15346
B	hipvs	High_RFR	Low_RFR	3	3	12	47,94759615	39,46456731	7,0025	41,36495192	0,591076923
B	hipvs	High_RFR	Low_RFR	1	3	13	80,14391144	52,11365314	8,570664207	51,78376384	0,770512915
B	hipvs	High_RFR	Low_RFR	2	3	14	102,6219512	79,3796748	9,68995935	62,06219512	1,229833333
B	hipvs	High_RFR	Low_RFR	3	3	15	40,90891473	37,68275194	4,97744186	40,0003876	0,578953488
B	hipvs	High_RFR	Low_RFR	1	3	16	81,08459016	31,4895082	4,238442623	34,1057377	1,157336066
B	hipvs	High_RFR	Low_RFR	2	3	17	55,97805031	19,44522013	3,152968553	21,63075472	0,529344025
B	hipvs	High_RFR	Low_RFR	3	3	18	43,64939891	11,8026776	3,302978142	16,59945355	0,504552459
E	constitutive	Low_RFR	Low_RFR	1	3	19	82,98378378	59,63837838	8,294594595	57,25081081	0,983810811
E	constitutive	Low_RFR	Low_RFR	2	3	20	38,71917431	56,93990826	8,339449541	66,64495413	0,824215596
E	constitutive	Low_RFR	Low_RFR	3	3	21	70,84652174	49,58347826	7,250782609	35,95543478	0,875082609
E	constitutive	Low_RFR	Low_RFR	1	3	22	90,87077922	86,53441558	12,18149351	66,05064935	1,287798701
E	constitutive	Low_RFR	Low_RFR	2	3	23	64,46176471	48,4210084	5,815504202	42,34495798	0,925794118
E	constitutive	Low_RFR	Low_RFR	3	3	24	69,43369565	61,425	6,259130435	57,04402174	0,816722826
E	constitutive	Low_RFR	Low_RFR	1	3	25	49,52158537	12,56719512	2,677006098	23,94390244	0,471708537
E	constitutive	Low_RFR	Low_RFR	2	3	26	53,83365169	16,40005618	1,971134831	16,45707865	0,456476966
E	constitutive	Low_RFR	Low_RFR	3	3	27	48,28859551	16,93606742	2,689994382	18,14516854	0,589230337
F	hipvs	Low_RFR	Low_RFR	1	3	28	60,28884354	57,90333333	11,80061224	73,15646259	0,943108844
F	hipvs	Low_RFR	Low_RFR	2	3	29	111,2818182	130,1358586	15,18954545	98,52727273	1,377181818
F	hipvs	Low_RFR	Low_RFR	3	3	30	52,67512953	40,69093264	6,894715026	45,55668394	0,760663212
F	hipvs	Low_RFR	Low_RFR	1	3	31	75,49603175	43,65	6,196309524	38,41734127	0,870412698
F	hipvs	Low_RFR	Low_RFR	2	3	32	71,0720524	78,75458515	7,182052402	38,04344978	1,296995633
F	hipvs	Low_RFR	Low_RFR	3	3	33	63,3128866	74,19948454	10,39149485	80,70824742	1,031
F	hipvs	Low_RFR	Low_RFR	1	3	34	93,2238806	32,28164179	4,48441791	33,47850746	0,934679104
F	hipvs	Low_RFR	Low_RFR	2	3	35	83,9744	25,55056	3,904736	23,84696	0,6934976
F	hipvs	Low_RFR	Low_RFR	3	3	36	93,12026144	14,01222222	3,07969281	18,37986928	0,448869935
A	constitutive	High_RFR	Low_RFR	1	4	1	83,23766234	128,2753247	20,28344156	99,83441558	1,368551948
A	constitutive	High_RFR	Low_RFR	2	4	2	124,6263736	155,3247253	20,80521978	101,1456044	1,957758242
A	constitutive	High_RFR	Low_RFR	3	4	3	86,07837209	60,64860465	14,1394186	41,00476744	1,182860465
A	constitutive	High_RFR	Low_RFR	1	4	4	44,11649485	51,6604811	6,922680412	40,34604811	0,706353952
A	constitutive	High_RFR	Low_RFR	2	4	5	56,57602041	72,3127551	10,14770408	50,28479592	1,38902551
A	constitutive	High_RFR	Low_RFR	3	4	6	42,52086614	54,3011811	8,085944882	34,90854331	0,81673622
A	constitutive	High_RFR	Low_RFR	1	4	7	62,94037975	36,57626582	5,453253165	26,94411392	0,879987342
A	constitutive	High_RFR	Low_RFR	2	4	8	52,9127451	27,51254902	3,714102941	24,46642157	0,779946078
A	constitutive	High_RFR	Low_RFR	3	4	9	76,63333333	28,65466667	3,464172222	25,74433333	0,945088889
B	hipvs	High_RFR	Low_RFR	1	4	10	98,90441989	106,7983425	13,86657459	64,93093923	1,834629834
B	hipvs	High_RFR	Low_RFR	2	4	11	80,38666667	74,89133333	11,93186667	42,2384	2,091186667
B	hipvs	High_RFR	Low_RFR	3	4	12	68,95961538	68,07692308	14,28033654	50,20240385	1,027389423
B	hipvs	High_RFR	Low_RFR	1	4	13	99,12730627	85,99630996	14,75885609	60,23948339	1,184343173
B	hipvs	High_RFR	Low_RFR	2	4	14	131,8138211	146,402439	19,59052846	77,44146341	1,788247967
B	hipvs	High_RFR	Low_RFR	3	4	15	62,27093023	70,60852713	9,008100775	52,52364341	0,783662791
B	hipvs	High_RFR	Low_RFR	1	4	16	115,9670492	57,11442623	4,919459016	47,9652459	1,198881967
B	hipvs	High_RFR	Low_RFR	2	4	17	72,78616352	35,1454717	5,135842767	25,78327044	1,049792453
B	hipvs	High_RFR	Low_RFR	3	4	18	64,01038251	24,10016393	5,061333333	18,09617486	0,800655738
E	constitutive	Low_RFR	Low_RFR	1	4	19	106,7466216	111,0851351	15,4772973	65,54918919	1,42425
E	constitutive	Low_RFR	Low_RFR	2	4	20	59,53348624	93,9146789	15,22077982	78,13119266	1,06937156
E	constitutive	Low_RFR	Low_RFR	3	4	21	89,84434783	80,37565217	13,81417391	38,71704348	1,204295652
E	constitutive	Low_RFR	Low_RFR	1	4	22	116,7357143	152,2402597	24,19857143	75,50324675	2,488422078
E	constitutive	Low_RFR	Low_RFR	2	4	23	74,08109244	93,83529412	12,3187395	58,12058824	1,504663866
E	constitutive	Low_RFR	Low_RFR	3	4	24	95,26413043	121,5695652	13,62429348	71,82282609	1,209733696
E	constitutive	Low_RFR	Low_RFR	1	4	25	79,06890244	36,56506098	4,979146341	33,50908537	1,190786585
E	constitutive	Low_RFR	Low_RFR	2	4	26	80,34382022	37,96808989	3,853904494	21,57342697	1,113438202
E	constitutive	Low_RFR	Low_RFR	3	4	27	57,54606742	30,66460674	5,297938202	20,80297753	0,927674157
F	hipvs	Low_RFR	Low_RFR	1	4	28	67,90918367	89,35646259	22,08319728	80,72857143	1,190761905
F	hipvs	Low_RFR	Low_RFR	2	4	29	148,630303	216,2116162	26,30868687	107,4924242	1,454449495
F	hipvs	Low_RFR	Low_RFR	3	4	30	68,99430052	69,47253886	13,41233161	57,35699482	0,772476684
F	hipvs	Low_RFR	Low_RFR	1	4	31	97,22460317	80,48214286	12,04670635	49,66626984	0,96334127
F	hipvs	Low_RFR	Low_RFR	2	4	32	90,66026201	149,3462882	14,02943231	42,83279476	1,725388646
F	hipvs	Low_RFR	Low_RFR	3	4	33	86,91804124	121,5912371	18,06757732	98,88453608	1,660721649
F	hipvs	Low_RFR	Low_RFR	1	4	34	106,8962687	56,83962687	8,934701493	40,17007463	1,504171642
F	hipvs	Low_RFR	Low_RFR	2	4	35	113,532	49,0184	6,426992	30,32088	1,239216
F	hipvs	Low_RFR	Low_RFR	3	4	36	122,9052288	24,54986928	4,432477124	23,7503268	1,131908497
A	constitutive	High_RFR	Low_RFR	1	5	1	79,38831169	105,1746753	20,57019481	64,97077922	1,569266234
A	constitutive	High_RFR	Low_RFR	2	5	2	107,3824176	106,7862637	18,71978022	60,26428571	1,904071429
A	constitutive	High_RFR	Low_RFR	3	5	3	63,18023256	49,84488372	11,1117907	24,88081395	1,008482558
A	constitutive	High_RFR	Low_RFR	1	5	4	38,45395189	34,95876289	6,493402062	24,74769759	0,588415808
A	constitutive	High_RFR	Low_RFR	2	5	5	43,73270408	35,86867347	8,622142857	24,42581633	0,949158163
A	constitutive	High_RFR	Low_RFR	3	5	6	33,64090551	32,47031496	6,746889764	19,28405512	0,784106299
A	constitutive	High_RFR	Low_RFR	1	5	7	70,85189873	55,28075949	8,954493671	25,16006329	1,518848101
A	constitutive	High_RFR	Low_RFR	2	5	8	57,48921569	40,23808824	6,828382353	24,22921569	1,197877451
A	constitutive	High_RFR	Low_RFR	3	5	9	84,73166667	45,16116667	6,454777778	29,50922222	1,494994444
B	hipvs	High_RFR	Low_RFR	1	5	10	90,09447514	79,69834254	13,90513812	41,82823204	1,970513812
B	hipvs	High_RFR	Low_RFR	2	5	11	55,43646667	45,82573333	9,156866667	22,2428	1,33664
B	hipvs	High_RFR	Low_RFR	3	5	12	56,7125	40,11524038	12,17605769	25,67798077	1,015706731
B	hipvs	High_RFR	Low_RFR	1	5	13	75,86494465	42,09298893	10,72583026	27,81125461	1,081697417
B	hipvs	High_RFR	Low_RFR	2	5	14	99,71056911	73,08252033	14,42898374	40,30869919	1,580581301
B	hipvs	High_RFR	Low_RFR	3	5	15	52,86317829	40,00581395	7,69379845	26,34104651	0,552174419
B	hipvs	High_RFR	Low_RFR	1	5	16	142,1781967	80,2504918	11,21059016	50,04065574	2,113803279
B	hipvs	High_RFR	Low_RFR	2	5	17	78,35220126	52,47245283	8,556163522	24,11962264	1,22454717
B	hipvs	High_RFR	Low_RFR	3	5	18	72,50437158	33,07010929	7,712459016	19,4968306	1,241409836
E	constitutive	Low_RFR	Low_RFR	1	5	19	87,96621622	90,81148649	14,84472973	38,41216216	1,641743243
E	constitutive	Low_RFR	Low_RFR	2	5	20	63,4293578	86,89770642	17,88747706		1,367055046
E	constitutive	Low_RFR	Low_RFR	3	5	21	69,64913043	58,00217391	13,58813043	23,31317391	1,483482609
E	constitutive	Low_RFR	Low_RFR	1	5	22	86,18311688	81,25909091	18,18201299	34,75668831	2,114512987
E	constitutive	Low_RFR	Low_RFR	2	5	23	52,23151261	62,57521008	12,24651261	33,90331933	1,41302521
E	constitutive	Low_RFR	Low_RFR	3	5	24	79,81847826	80,44619565	12,4048913	41,08418478	1,348445652
E	constitutive	Low_RFR	Low_RFR	1	5	25	93,42012195	60,00414634	8,083231707	35,87835366	1,772371951
E	constitutive	Low_RFR	Low_RFR	2	5	26	96,40955056	64,22640449	7,882022472	25,49932584	1,467629213
E	constitutive	Low_RFR	Low_RFR	3	5	27	61,4247191	40,32191011	8,667134831	17,18691011	1,497393258
F	hipvs	Low_RFR	Low_RFR	1	5	28	53,19979592	71,03877551	21,97265306	44,40428571	1,15270068
F	hipvs	Low_RFR	Low_RFR	2	5	29	132,6747475	171,210101	27,00888889	64,69292929	1,985707071
F	hipvs	Low_RFR	Low_RFR	3	5	30	63,69533679	65,35181347	14,21176166	41,55072539	1,249
F	hipvs	Low_RFR	Low_RFR	1	5	31	77,83730159	57,79087302	11,21821429	33,40011905	0,911603175
F	hipvs	Low_RFR	Low_RFR	2	5	32	70,67161572	95,60349345	12,07065502	20,98248908	1,494842795
F	hipvs	Low_RFR	Low_RFR	3	5	33	73,23865979	75,98814433	14,70113402	48,01690722	1,428835052
F	hipvs	Low_RFR	Low_RFR	1	5	34	106,3716418	73,45402985	14,61843284	36,93746269	1,991380597
F	hipvs	Low_RFR	Low_RFR	2	5	35	118,9792	70,02624	10,30416	31,22272	1,687944
F	hipvs	Low_RFR	Low_RFR	3	5	36	134,3496732	38,62764706	7,026339869	22,68013072	1,818385621
A	constitutive	High_RFR	Low_RFR	1	6	1	68,50714286	64,47246753	17,94993506	36,61863636	1,676798701
A	constitutive	High_RFR	Low_RFR	2	6	2	76,45989011	47,62527473	14,44098901	27,02950549	1,816214286
A	constitutive	High_RFR	Low_RFR	3	6	3	40,75406977	28,14116279	8,61305814	12,88406977	1,458674419
A	constitutive	High_RFR	Low_RFR	1	6	4	31,48209622	22,72687285	5,782542955	14,70116838	0,740140893
A	constitutive	High_RFR	Low_RFR	2	6	5	35,98882653	20,44836735	7,33494898	12,76790816	1,338071429
A	constitutive	High_RFR	Low_RFR	3	6	6	27,75444882	17,26393701	5,85492126	11,40622047	0,80096063
A	constitutive	High_RFR	Low_RFR	1	6	7	60,69797468	42,6743038	9,064303797	12,62905063	1,53235443
A	constitutive	High_RFR	Low_RFR	2	6	8	41,44661765	24,46955882	6,602647059	11,66401961	1,243637255
A	constitutive	High_RFR	Low_RFR	3	6	9	64,59277778	34,47533333	6,058055556	16,39088889	1,502861111
B	hipvs	High_RFR	Low_RFR	1	6	10	74,58176796	50,53248619	11,46226519	21,45016575	1,960718232
B	hipvs	High_RFR	Low_RFR	2	6	11	41,77406667	26,5424	7,893	11,94606667	1,61332
B	hipvs	High_RFR	Low_RFR	3	6	12	55,91009615	23,10649038	10,93831731	10,83942308	1,2770625
B	hipvs	High_RFR	Low_RFR	1	6	13	59,69741697	21,66841328	8,779557196	16,99132841	1,144771218
B	hipvs	High_RFR	Low_RFR	2	6	14	78,90934959	37,8154878	9,923617886	20,27922764	1,635357724
B	hipvs	High_RFR	Low_RFR	3	6	15	43,28294574	23,78771318	6,374651163	14,57705426	0,579593023
B	hipvs	High_RFR	Low_RFR	1	6	16	120,902623	61,91983607	10,92437705	25,47672131	2,059295082
B	hipvs	High_RFR	Low_RFR	2	6	17	63,06100629	38,74616352	8,748993711	14,32176101	1,545830189
B	hipvs	High_RFR	Low_RFR	3	6	18	58,13715847	23,00775956	7,579672131	10,6563388	1,257333333
E	constitutive	Low_RFR	Low_RFR	1	6	19	59,10128378	45,11945946	9,811689189	17,54831081	1,779513514
E	constitutive	Low_RFR	Low_RFR	2	6	20	59,07477064	54,73440367	15,65614679	32,82949541	1,294614679
E	constitutive	Low_RFR	Low_RFR	3	6	21	50,6226087	27,32191304	10,12182609	9,855608696	1,368595652
E	constitutive	Low_RFR	Low_RFR	1	6	22	59,3437013	34,69720779	11,71772727	17,4762987	1,727337662
E	constitutive	Low_RFR	Low_RFR	2	6	23	33,30361345	29,68466387	7,836470588	17,79281513	1,212840336
E	constitutive	Low_RFR	Low_RFR	3	6	24	62,62554348	33,46021739	8,237282609	20,34494565	1,445081522
E	constitutive	Low_RFR	Low_RFR	1	6	25	91,40731707	75,36097561	10,9727439	29,48841463	2,148268293
E	constitutive	Low_RFR	Low_RFR	2	6	26	87,72696629	67,89719101	10,76713483	19,98589888	1,837966292
E	constitutive	Low_RFR	Low_RFR	3	6	27	45,89921348	31,76061798	8,956516854	9,111460674	1,831747191
F	hipvs	Low_RFR	Low_RFR	1	6	28	33,69176871	31,03510204	14,88401361	24,79122449	1,433965986
F	hipvs	Low_RFR	Low_RFR	2	6	29	94,61111111	81,53686869	18,94575758	33,75651515	1,885580808
F	hipvs	Low_RFR	Low_RFR	3	6	30	48,04253886	33,94564767	10,86316062	23,24476684	1,00338342
F	hipvs	Low_RFR	Low_RFR	1	6	31	60,17936508	31,84948413	8,852380952	18,42111111	1,064718254
F	hipvs	Low_RFR	Low_RFR	2	6	32	51,5650655	45,12532751	8,805152838	9,024454148	1,580716157
F	hipvs	Low_RFR	Low_RFR	3	6	33	62,59175258	38,07036082	11,22613402	28,94170103	1,273958763
F	hipvs	Low_RFR	Low_RFR	1	6	34	86,79029851	74,6880597	18,59261194	26,23776119	2,600723881
F	hipvs	Low_RFR	Low_RFR	2	6	35	102,204	66,20656	13,00856	21,97272	2,435616
F	hipvs	Low_RFR	Low_RFR	3	6	36	115,3437908	37,85856209	9,21254902	15,90751634	2,350542484
A	constitutive	High_RFR	Low_RFR	1	7	1	61,15019481	39,54415584	17,22298701	18,7888961	2,287558442
A	constitutive	High_RFR	Low_RFR	2	7	2	73,72637363	33,4456044	14,27005495	14,54692308	2,099115385
A	constitutive	High_RFR	Low_RFR	3	7	3	31,02965116	24,61651163	7,042697674	5,635988372	1,824686047
A	constitutive	High_RFR	Low_RFR	1	7	4	29,7209622	13,28494845	5,423848797	8,167731959	0,717731959
A	constitutive	High_RFR	Low_RFR	2	7	5	29,4247449	14,98765306	6,17255102	5,574336735	1,302367347
A	constitutive	High_RFR	Low_RFR	3	7	6	23,28133858	10,63476378	5,489645669	5,203976378	0,844645669
A	constitutive	High_RFR	Low_RFR	1	7	7	41,72259494	15,70050633	5,932126582	5,467335443	1,418835443
A	constitutive	High_RFR	Low_RFR	2	7	8	24,45235294	8,666323529	4,348372549	5,091813725	0,927205882
A	constitutive	High_RFR	Low_RFR	3	7	9	40,35861111	15,07666667	4,671838889	6,968277778	1,246044444
B	hipvs	High_RFR	Low_RFR	1	7	10	62,63812155	35,08149171	10,7320442	10,10530387	1,77678453
B	hipvs	High_RFR	Low_RFR	2	7	11	29,7808	20,63086667	6,7938	6,695466667	1,835413333
B	hipvs	High_RFR	Low_RFR	3	7	12	47,81274038	13,25576923	8,932451923	4,664052885	1,348620192
B	hipvs	High_RFR	Low_RFR	1	7	13	52,03874539	11,45306273	7,689667897	10,13948339	0,926656827
B	hipvs	High_RFR	Low_RFR	2	7	14	66,17682927	21,28678862	9,392113821	10,49390244	1,725597561
B	hipvs	High_RFR	Low_RFR	3	7	15	40,64883721	15,97445736	5,930465116	8,184806202	0,70975969
B	hipvs	High_RFR	Low_RFR	1	7	16	87,34639344	34,2504918	8,426622951	13,91878689	2,030590164
B	hipvs	High_RFR	Low_RFR	2	7	17	43,78062893	17,71830189	6,312955975	6,652515723	1,379899371
B	hipvs	High_RFR	Low_RFR	3	7	18	40,26945355	8,941530055	5,543333333	4,818409836	1,040770492
E	constitutive	Low_RFR	Low_RFR	1	7	19	47,70682432	32,39358108	8,256283784	8,825878378	1,479486486
E	constitutive	Low_RFR	Low_RFR	2	7	20	56,51605505	37,59954128	14,92816514	17,64408257	1,392146789
E	constitutive	Low_RFR	Low_RFR	3	7	21	39,53943478	16,87369565	8,220217391	4,816304348	1,361895652
E	constitutive	Low_RFR	Low_RFR	1	7	22	44,8362987	19,23564935	8,72474026	8,854350649	1,745720779
E	constitutive	Low_RFR	Low_RFR	2	7	23	25,96680672	17,79684874	6,121386555	10,3410084	1,089941176
E	constitutive	Low_RFR	Low_RFR	3	7	24	54,94076087	19,97380435	7,180054348	11,38815217	1,395
E	constitutive	Low_RFR	Low_RFR	1	7	25	60,50243902	33,73304878	7,297621951	13,015	1,800920732
E	constitutive	Low_RFR	Low_RFR	2	7	26	54,61213483	23,88488764	6,306797753	8,212134831	1,589589888
E	constitutive	Low_RFR	Low_RFR	3	7	27	23,38207865	8,481966292	5,044370787	2,766325843	1,47155618
F	hipvs	Low_RFR	Low_RFR	1	7	28	24,20285714	16,59197279	11,93680272	12,96251701	1,348102041
F	hipvs	Low_RFR	Low_RFR	2	7	29	78,47070707	53,87575758	15,59555556	19,70222222	2,023080808
F	hipvs	Low_RFR	Low_RFR	3	7	30	40,64611399	19,4261658	8,984507772	10,57056995	1,038170984
F	hipvs	Low_RFR	Low_RFR	1	7	31	49,40277778	18,6131746	7,584087302	9,32015873	0,900960317
F	hipvs	Low_RFR	Low_RFR	2	7	32	42,96947598	28,56340611	7,066593886	4,916462882	1,287135371
F	hipvs	Low_RFR	Low_RFR	3	7	33	54,21958763	24,34407216	10,86938144	17,31314433	1,064061856
F	hipvs	Low_RFR	Low_RFR	1	7	34	43,85216418	25,49559701	9,455447761	8,602686567	1,716291045
F	hipvs	Low_RFR	Low_RFR	2	7	35	61,3704	21,50296	7,967808	7,83296	1,390752
F	hipvs	Low_RFR	Low_RFR	3	7	36	71,51633987	13,90732026	6,149196078	6,102575163	1,774542484
