Replication	Emitter_Treatments	LightEmitter	Herbivory_Emitter	Receiver	Plant	Monoterpenes	Indole	DMNT	Sesquiterpenes	TMTT	SUM_Volatiles
1	HighControl	HighR_FR	control	HighR_FR	1	440,6711039	389,7567532	341,1443766	94,5627987	9,197544156	1284,843648
1	HighControl	HighR_FR	control	HighR_FR	2	467,4190659	530,5754945	340,2468462	86,88251099	10,03407967	1443,705813
1	HighControl	HighR_FR	control	HighR_FR	3	256,9537209	381,410814	142,7711279	58,56904651	7,92502907	858,8127
2	HighControl	HighR_FR	control	HighR_FR	1	169,3661512	208,5515808	132,5111306	31,72829553	3,609832646	549,4910203
2	HighControl	HighR_FR	control	HighR_FR	2	215,6778061	274,4630612	156,2384541	41,96890306	6,525429337	704,6327814
2	HighControl	HighR_FR	control	HighR_FR	3	162,8655118	198,738189	112,6210118	34,6445748	4,714742913	521,7086012
3	HighControl	HighR_FR	control	HighR_FR	1	180,604	324,0394304	100,2903165	35,49582911	6,114685443	652,2754671
3	HighControl	HighR_FR	control	HighR_FR	2	127,7350245	269,8871078	93,96280882	26,7947598	4,951784314	534,3281275
3	HighControl	HighR_FR	control	HighR_FR	3	146,7898667	378,498	106,04459	25,422	6,144430556	667,3978167
1	HighHerb	HighR_FR	herbivory	HighR_FR	1	369,1406077	460,7561326	225,2403812	63,92652486	9,670628729	1136,887485
1	HighHerb	HighR_FR	herbivory	HighR_FR	2	239,8616667	346,1629333	141,3097667	50,41524	9,522716667	795,0775947
1	HighHerb	HighR_FR	herbivory	HighR_FR	3	213,2409135	317,9430769	158,5330721	59,97570192	6,117303365	761,6738966
2	HighHerb	HighR_FR	herbivory	HighR_FR	1	248,5231365	488,0904059	199,6121402	59,81904059	6,059805535	1007,118599
2	HighHerb	HighR_FR	herbivory	HighR_FR	2	401,4959756	616,9719512	242,9709756	72,79313008	9,611109756	1350,568972
2	HighHerb	HighR_FR	herbivory	HighR_FR	3	213,6730233	295,1996124	161,2311008	39,64302713	4,124748062	718,1437752
3	HighHerb	HighR_FR	herbivory	HighR_FR	1	293,9509016	597,4421475	184,8163902	44,99039344	10,19311475	1143,879766
3	HighHerb	HighR_FR	herbivory	HighR_FR	2	175,803805	375,3128302	102,3648239	35,38236478	6,349757233	701,0702981
3	HighHerb	HighR_FR	herbivory	HighR_FR	3	111,467224	319,534918	77,46916612	32,94034973	5,504134973	552,8734869
3	HighControl	HighR_FR	control	LowR_FR	1	553,5223188	389,3204348	350,9329517	112,3797536	9,819169082	1425,39085
1	HighControl	HighR_FR	control	LowR_FR	2	323,982562	307,3809504	209,6217479	66,40608264	7,404834711	923,4977893
1	HighControl	HighR_FR	control	LowR_FR	3	542,6068807	743,3486239	355,8683211	95,71794495	9,310752294	1758,599706
2	HighControl	HighR_FR	control	LowR_FR	1	275,9434915	176,4743051	127,3057627	44,0828678	4,203071186	632,7093356
2	HighControl	HighR_FR	control	LowR_FR	2	377,2945455	320,4505556	210,3202071	73,23454545	11,04159596	1000,151758
2	HighControl	HighR_FR	control	LowR_FR	3	406,7419928	372,1717754	255,8090833	74,02160145	6,809786232	1122,34692
3	HighControl	HighR_FR	control	LowR_FR	1	317,2159375	419,3794271	176,0950646	59,69895833	11,13813594	990,8039714
3	HighControl	HighR_FR	control	LowR_FR	2	193,782236	298,508764	128,0705871	36,84923034	9,957732584	672,6238573
3	HighControl	HighR_FR	control	LowR_FR	3	231,905551	352,5357823	115,4769952	36,77186395	6,658729252	752,398949
1	HighHerb	HighR_FR	herbivory	LowR_FR	1	352,192514	336,5355307	270,683581	65,35735196	5,912050279	1038,40686
1	HighHerb	HighR_FR	herbivory	LowR_FR	2	581,6783838	412,4745455	350,4237929	124,6949242	7,602989899	1486,807939
1	HighHerb	HighR_FR	herbivory	LowR_FR	3	510,7418966	421,1604483	276,0475172	102,9197931	6,207048276	1327,957255
2	HighHerb	HighR_FR	herbivory	LowR_FR	1	421,0019403	392,7149254	175,1632119	77,87597015	7,140895522	1081,091242
2	HighHerb	HighR_FR	herbivory	LowR_FR	2	289,4440952	270,2810952	171,191881	51,51802381	6,296104762	797,6364048
2	HighHerb	HighR_FR	herbivory	LowR_FR	3	382,4470281	370,8404016	201,6161406	51,96342972	7,447562249	1021,993779
3	HighHerb	HighR_FR	herbivory	LowR_FR	1	251,848836	435,8124339	140,8118455	41,49449206	6,135279894	882,5651466
3	HighHerb	HighR_FR	herbivory	LowR_FR	2	208,6891358	359,8551852	110,8633889	44,37054321	6,812151235	737,4469846
3	HighHerb	HighR_FR	herbivory	LowR_FR	3	304,9435366	637,215122	153,9499085	65,08168902	10,89984878	1178,025594
1	LowControl	LowR_FR	control	HighR_FR	1	379,3946622	462,2460135	221,7994189	63,13853378	8,075301351	1143,847943
1	LowControl	LowR_FR	control	HighR_FR	2	370,1537615	314,1644954	235,3369266	79,62774312	6,723145872	1012,422001
1	LowControl	LowR_FR	control	HighR_FR	3	265,8057826	411,4058261	144,9580435	59,31030435	7,23797913	894,32624
2	LowControl	LowR_FR	control	HighR_FR	1	415,287013	475,2894805	245,6151039	85,62333117	11,08801299	1241,41237
2	LowControl	LowR_FR	control	HighR_FR	2	284,3012185	360,6640756	185,8808193	49,63271429	7,124007143	897,3818223
2	LowControl	LowR_FR	control	HighR_FR	3	350,9906522	436,9244565	228,5274891	53,88665217	7,196576087	1085,333049
3	LowControl	LowR_FR	control	HighR_FR	1	226,951622	406,0396951	142,8388232	37,80532317	8,018137195	827,2687841
3	LowControl	LowR_FR	control	HighR_FR	2	218,6768483	424,9941573	98,24284326	33,53478652	6,947793258	789,1599904
3	LowControl	LowR_FR	control	HighR_FR	3	139,8386067	288,6658427	77,39783146	34,12639326	6,762057303	552,9457202
1	LowHerb	LowR_FR	herbivory	HighR_FR	1	303,6057143	300,6972109	282,7543605	92,40659864	6,992764626	994,6916027
1	LowHerb	LowR_FR	herbivory	HighR_FR	2	725,8993939	682,4161616	401,2474747	115,8826768	10,07058232	1947,527941
1	LowHerb	LowR_FR	herbivory	HighR_FR	3	259,36	336,8941969	203,4105648	63,15172021	5,660293264	876,1250031
2	LowHerb	LowR_FR	herbivory	HighR_FR	1	264,4457143	457,3948413	167,9473849	52,91059127	5,87725	954,336254
2	LowHerb	LowR_FR	herbivory	HighR_FR	2	449,9596507	421,5451092	137,1323799	56,7310393	9,511165939	1081,661524
2	LowHerb	LowR_FR	herbivory	HighR_FR	3	377,7535052	398,2870103	320,4153351	75,333	7,789778351	1186,780933
3	LowHerb	LowR_FR	herbivory	HighR_FR	1	281,6181343	528,2049254	164,3352612	60,96287313	9,733735075	1055,282728
3	LowHerb	LowR_FR	herbivory	HighR_FR	2	246,932312	544,394	127,553984	46,020456	8,1245832	980,050828
3	LowHerb	LowR_FR	herbivory	HighR_FR	3	139,0233529	624,0431373	94,4413902	33,50015033	8,020417647	904,6425817
1	LowControl	LowR_FR	control	LowR_FR	1	588,0791518	407,3336607	380,5125	131,0872589	7,626991071	1523,754763
1	LowControl	LowR_FR	control	LowR_FR	2	496,44125	468,823629	287,0720242	91,12854839	6,83647379	1359,105591
1	LowControl	LowR_FR	control	LowR_FR	3	516,4248718	342,9362222	347,4327436	105,427735	10,76591197	1334,74521
2	LowControl	LowR_FR	control	LowR_FR	1	483,4023843	270,6202847	187,8544413	58,20292883	5,718370107	1014,473164
2	LowControl	LowR_FR	control	LowR_FR	2	508,7646591	354,9068182	255,4459091	95,92924242	9,201287879	1231,543663
2	LowControl	LowR_FR	control	LowR_FR	3	501,3489	400,6977333	270,72899	84,77207333	7,246146667	1272,494943
3	LowControl	LowR_FR	control	LowR_FR	1	309,4989692	421,3757692	138,3125677	69,6393	7,690603846	957,9726254
3	LowControl	LowR_FR	control	LowR_FR	2	259,6525	438,999359	155,6862346	59,21903205	11,82165128	931,5384
3	LowControl	LowR_FR	control	LowR_FR	3	270,6426548	440,6523095	151,3245929	68,0232619	13,95302381	954,2611929
1	LowHerb	LowR_FR	herbivory	LowR_FR	1	872,2427197	803,5397071	485,0221799	124,2930042	8,207077406	2306,062847
1	LowHerb	LowR_FR	herbivory	LowR_FR	2	740,6405	477,5895769	474,9047077	129,6098462	7,732372308	1841,087984
1	LowHerb	LowR_FR	herbivory	LowR_FR	3	687,3965044	453,4032301	471,4110575	132,8565487	6,638265487	1761,321504
2	LowHerb	LowR_FR	herbivory	LowR_FR	1	526,0250973	499,2380545	275,6173696	108,3840661	8,921447471	1434,309311
2	LowHerb	LowR_FR	herbivory	LowR_FR	2	373,6743556	332,6243556	237,3745378	74,90588	5,732702222	1031,453215
2	LowHerb	LowR_FR	herbivory	LowR_FR	3	382,9293789	413,6445031	179,4711553	60,59810559	5,884913043	1049,013984
3	LowHerb	LowR_FR	herbivory	LowR_FR	1	315,2580353	673,3580353	185,5784718	61,4376	15,65152353	1264,089607
3	LowHerb	LowR_FR	herbivory	LowR_FR	2	259,8059406	452,3840099	123,2795178	46,58132178	9,642742079	898,3200817
3	LowHerb	LowR_FR	herbivory	LowR_FR	3	281,5447191	516,8411798	133,7984135	64,2958764	9,449379775	1014,958608